<?xml version="1.0"?>
<opencv_storage>
<cameraMatrix_left type_id="opencv-matrix">
  <rows>3</rows>
  <cols>3</cols>
  <dt>d</dt>
  <data>
    842.28193488576596 0. 969.77794935098518 0. 856.32113726429463
    507.89565738095592 0. 0. 1.</data></cameraMatrix_left>
<distCoeffs_left type_id="opencv-matrix">
  <rows>1</rows>
  <cols>5</cols>
  <dt>d</dt>
  <data>
    -0.26643894396150564 0.060609518876129892 -0.0011128853828213576
    -0.00057530158077299953 -0.0054677048295624009</data></distCoeffs_left>
<cameraMatrix_right type_id="opencv-matrix">
  <rows>3</rows>
  <cols>3</cols>
  <dt>d</dt>
  <data>
    851.24007633662666 0. 947.01559811449147 0. 869.40836102657283
    535.47787070848619 0. 0. 1.</data></cameraMatrix_right>
<distCoeffs_right type_id="opencv-matrix">
  <rows>1</rows>
  <cols>5</cols>
  <dt>d</dt>
  <data>
    -0.26265946387095251 0.059108502381121024 -0.00096642721963763334
    0.0030824590554081187 -0.0052659626343675896</data></distCoeffs_right>
<R type_id="opencv-matrix">
  <rows>3</rows>
  <cols>3</cols>
  <dt>d</dt>
  <data>
    0.99939412629323265 -0.011391135120218998 0.032888027780014963
    0.011237981908174786 0.99992514838651247 0.004837911413252848
    -0.032940675360679218 -0.0044653851887445578 0.9994473334007643</data></R>
<T type_id="opencv-matrix">
  <rows>3</rows>
  <cols>1</cols>
  <dt>d</dt>
  <data>
    -71.063537290942307 -0.82121845004153937 11.379596021031393</data></T>
<E type_id="opencv-matrix">
  <rows>3</rows>
  <cols>3</cols>
  <dt>d</dt>
  <data>
    -0.10083220384367006 -11.375077183204843 -0.87581806750187974
    9.0318205111261634 -0.44695258276784544 71.398515317523092
    0.022110148968632948 -71.067572680843583 -0.31679084292754217</data></E>
<F type_id="opencv-matrix">
  <rows>3</rows>
  <cols>3</cols>
  <dt>d</dt>
  <data>
    5.4398353618760935e-08 6.0361728897167162e-06 -0.0027205234053647009
    -4.7707871873454576e-06 2.322186088979085e-07 -0.027257256796631348
    0.0024929810373666697 0.026261211440199553 0.99999999999999989</data></F>
<RL type_id="opencv-matrix">
  <rows>3</rows>
  <cols>3</cols>
  <dt>d</dt>
  <data>
    0.99209410051398594 0.00086805333749668374 -0.12549319586634405
    -0.00053209966505056514 0.99999618485453512 0.0027105619935527399
    0.12549507000393198 -0.0026223576753945195 0.9920907774215677</data></RL>
<RR type_id="opencv-matrix">
  <rows>3</rows>
  <cols>3</cols>
  <dt>d</dt>
  <data>
    0.98735590495913106 0.01140999895052008 -0.15810796585335168
    -0.011833723903092836 0.99992846725901319 -0.001738776473851019
    0.15807681651944053 0.0035877972336489901 0.98742029946223486</data></RR>
<PL type_id="opencv-matrix">
  <rows>3</rows>
  <cols>4</cols>
  <dt>d</dt>
  <data>
    1342.704046915763 0. 924.32601928710938 0. 0. 1342.704046915763
    699.10695648193359 0. 0. 0. 1. 0.</data></PL>
<PR type_id="opencv-matrix">
  <rows>3</rows>
  <cols>4</cols>
  <dt>d</dt>
  <data>
    1342.704046915763 0. 924.32601928710938 -96639.214521785892 0.
    1342.704046915763 699.10695648193359 0. 0. 0. 1. 0.</data></PR>
<Q type_id="opencv-matrix">
  <rows>4</rows>
  <cols>4</cols>
  <dt>d</dt>
  <data>
    1. 0. 0. -924.32601928710938 0. 1. 0. -699.10695648193359 0. 0. 0.
    1342.704046915763 0. 0. 0.013893987586302971 0.</data></Q>
</opencv_storage>
